0.0 0.0 0.0 0.0 
0.0 0.0 0.0 0.0 
0.0 0.0 0.0 0.0 
0.0 0.0 0.0 0.0 
0.0 0.0 0.0 0.0 
0.0 0.0 0.0 0.0 
0.0 0.0 0.0 0.0 
0.0 0.0 0.0 0.0 
0.0 0.0 0.0 0.0 
0.0 0.0 0.0 0.0 
0.0 0.0 0.0 0.0 
0.0 0.0 0.0 0.0 
0.0 0.0 0.0 0.0 
0.0 0.0 0.0 0.0 
0.0 0.0 0.0 0.0 
83.79525157302962 0.0 0.0 7.893614264530847e-208 
0.0 0.0 0.0 0.0 
0.0 0.0 0.0 0.0 
0.0 0.0 0.0 0.0 
0.0 0.0 0.0 0.0 
0.0 0.0 0.0 0.0 
0.0 0.0 0.0 0.0 
0.0 0.0 0.0 0.0 
0.0 0.0 0.0 0.0 
0.0 0.0 0.0 0.0 
0.0 0.0 0.0 0.0 
0.0 0.0 0.0 0.0 
0.0 0.0 0.0 0.0 
0.0 0.0 0.0 0.0 
0.0 0.0 0.0 0.0 
0.0 0.0 0.0 0.0 
0.0 0.0 0.0 0.0 
0.0 0.0 0.0 0.0 
0.0 0.0 0.0 0.0 
0.0 0.0 0.0 0.0 
0.0 0.0 0.0 0.0 
0.0 0.0 0.0 0.0 
0.0 0.0 0.0 0.0 
0.0 0.0 0.0 0.0 
0.0 0.0 0.0 0.0 
0.0 0.0 0.0 0.0 
0.0 0.0 0.0 0.0 
0.0 0.0 0.0 0.0 
0.0 0.0 0.0 0.0 
0.0 0.0 0.0 0.0 
0.0 0.0 0.0 0.0 
0.0 0.0 0.0 0.0 
0.0 0.0 102.03615066598874 0.0 
0.0 0.0 0.0 0.0 
0.0 0.0 0.0 0.0 
0.0 0.0 0.0 0.0 
0.0 0.0 0.0 0.0 
0.0 0.0 0.0 0.0 
0.0 0.0 0.0 0.0 
0.0 0.0 0.0 0.0 
0.0 0.0 0.0 0.0 
0.0 0.0 0.0 0.0 
0.0 0.0 0.0 0.0 
0.0 0.0 0.0 0.0 
0.0 0.0 0.0 0.0 
0.0 0.0 0.0 0.0 
0.0 0.0 0.0 0.0 
0.0 0.0 0.0 0.0 
0.0 0.0 0.0 40.0 
0.0 0.0 0.0 0.0 
0.0 0.0 0.0 0.0 
0.0 0.0 0.0 0.0 
0.0 0.0 0.0 0.0 
0.0 0.0 0.0 0.0 
0.0 0.0 0.0 0.0 
0.0 0.0 0.0 0.0 
0.0 0.0 0.0 0.0 
0.0 0.0 0.0 0.0 
0.0 0.0 0.0 0.0 
0.0 0.0 0.0 0.0 
0.0 0.0 0.0 0.0 
0.0 0.0 0.0 0.0 
0.0 0.0 0.0 0.0 
0.0 0.0 0.0 0.0 
4.083210861994427e-95 3.997848548312224e-95 2.5639250518503292e-92 0.0 
0.0 0.0 0.0 0.0 
0.0 0.0 0.0 0.0 
0.0 0.0 0.0 0.0 
0.0 0.0 0.0 0.0 
0.0 0.0 0.0 0.0 
0.0 0.0 0.0 0.0 
0.0 0.0 0.0 0.0 
0.0 0.0 0.0 0.0 
0.0 0.0 0.0 0.0 
0.0 0.0 0.0 0.0 
0.0 0.0 0.0 0.0 
0.0 0.0 0.0 0.0 
0.0 0.0 0.0 0.0 
0.0 0.0 0.0 0.0 
0.0 0.0 0.0 0.0 
0.0 0.0 0.0 0.0 
0.0 0.0 0.0 0.0 
0.0 0.0 0.0 0.0 
0.0 0.0 0.0 0.0 
0.0 0.0 0.0 0.0 
0.0 0.0 0.0 0.0 
0.0 0.0 0.0 0.0 
0.0 0.0 0.0 0.0 
0.0 0.0 0.0 0.0 
0.0 0.0 0.0 0.0 
0.0 0.0 0.0 0.0 
0.0 0.0 0.0 0.0 
0.0 0.0 0.0 0.0 
0.0 0.0 0.0 0.0 
0.0 0.0 0.0 0.0 
0.0 0.0 0.0 0.0 
0.0 0.0 0.0 0.0 
0.0 0.0 0.0 0.0 
0.0 0.0 0.0 0.0 
0.0 0.0 0.0 0.0 
0.0 0.0 0.0 0.0 
0.0 0.0 0.0 0.0 
0.0 0.0 0.0 0.0 
0.0 0.0 0.0 0.0 
0.0 0.0 0.0 0.0 
0.0 0.0 0.0 0.0 
0.0 0.0 0.0 0.0 
0.0 0.0 0.0 0.0 
0.0 0.0 0.0 0.0 
0.0 0.0 0.0 0.0 
0.0 0.0 0.0 0.0 
0.0 0.0 0.0 0.0 
0.0 0.0 0.0 0.0 
